"""
-------------------------------------------------------
Lab/Assignment  Testing
-------------------------------------------------------
Author:  Sarani Srivijayasri
ID:      169087965
Email:   sriv7965@mylaurier.ca
Version: 2024-10-27
-------------------------------------------------------
"""
-------------------------------------------------------
t01
-------------------------------------------------------
720
6
40320
-------------------------------------------------------
t02
-------------------------------------------------------
 5  20.5
10  41.0
15  61.5
20  82.0

 5  17.5
10  35.0

 5  32.5
10  65.0
15  97.5
20  130.0
-------------------------------------------------------
t03
-------------------------------------------------------
   #
  # #
 #   #
#     #

     #
    # #
   #   #
  #     #
 #       #
#         #

    #
   # #
  #   #
 #     #
#       #

-------------------------------------------------------
t04
-------------------------------------------------------
     10  11  12  13  14  15  16  17  18  19  20  21  22  23  24  25  26  27  28  29  30  31  32  33  34
--------------------------------------------------------------------------------------------------------
10 | 100 110 120 130 140 150 160 170 180 190 200 210 220 230 240 250 260 270 280 290 300 310 320 330 340
11 | 110 121 132 143 154 165 176 187 198 209 220 231 242 253 264 275 286 297 308 319 330 341 352 363 374
12 | 120 132 144 156 168 180 192 204 216 228 240 252 264 276 288 300 312 324 336 348 360 372 384 396 408
13 | 130 143 156 169 182 195 208 221 234 247 260 273 286 299 312 325 338 351 364 377 390 403 416 429 442
14 | 140 154 168 182 196 210 224 238 252 266 280 294 308 322 336 350 364 378 392 406 420 434 448 462 476
15 | 150 165 180 195 210 225 240 255 270 285 300 315 330 345 360 375 390 405 420 435 450 465 480 495 510
16 | 160 176 192 208 224 240 256 272 288 304 320 336 352 368 384 400 416 432 448 464 480 496 512 528 544
17 | 170 187 204 221 238 255 272 289 306 323 340 357 374 391 408 425 442 459 476 493 510 527 544 561 578
18 | 180 198 216 234 252 270 288 306 324 342 360 378 396 414 432 450 468 486 504 522 540 558 576 594 612
19 | 190 209 228 247 266 285 304 323 342 361 380 399 418 437 456 475 494 513 532 551 570 589 608 627 646
20 | 200 220 240 260 280 300 320 340 360 380 400 420 440 460 480 500 520 540 560 580 600 620 640 660 680
21 | 210 231 252 273 294 315 336 357 378 399 420 441 462 483 504 525 546 567 588 609 630 651 672 693 714
22 | 220 242 264 286 308 330 352 374 396 418 440 462 484 506 528 550 572 594 616 638 660 682 704 726 748
23 | 230 253 276 299 322 345 368 391 414 437 460 483 506 529 552 575 598 621 644 667 690 713 736 759 782
24 | 240 264 288 312 336 360 384 408 432 456 480 504 528 552 576 600 624 648 672 696 720 744 768 792 816
25 | 250 275 300 325 350 375 400 425 450 475 500 525 550 575 600 625 650 675 700 725 750 775 800 825 850
26 | 260 286 312 338 364 390 416 442 468 494 520 546 572 598 624 650 676 702 728 754 780 806 832 858 884
27 | 270 297 324 351 378 405 432 459 486 513 540 567 594 621 648 675 702 729 756 783 810 837 864 891 918
28 | 280 308 336 364 392 420 448 476 504 532 560 588 616 644 672 700 728 756 784 812 840 868 896 924 952
29 | 290 319 348 377 406 435 464 493 522 551 580 609 638 667 696 725 754 783 812 841 870 899 928 957 986
30 | 300 330 360 390 420 450 480 510 540 570 600 630 660 690 720 750 780 810 840 870 900 930 960 9901020
31 | 310 341 372 403 434 465 496 527 558 589 620 651 682 713 744 775 806 837 868 899 930 961 99210231054
32 | 320 352 384 416 448 480 512 544 576 608 640 672 704 736 768 800 832 864 896 928 960 992102410561088
33 | 330 363 396 429 462 495 528 561 594 627 660 693 726 759 792 825 858 891 924 957 9901023105610891122
34 | 340 374 408 442 476 510 544 578 612 646 680 714 748 782 816 850 884 918 952 98610201054108811221156
      5   6   7   8   9  10  11  12  13  14  15  16  17  18  19  20  21
------------------------------------------------------------------------
 5 |  25  30  35  40  45  50  55  60  65  70  75  80  85  90  95 100 105
 6 |  30  36  42  48  54  60  66  72  78  84  90  96 102 108 114 120 126
 7 |  35  42  49  56  63  70  77  84  91  98 105 112 119 126 133 140 147
 8 |  40  48  56  64  72  80  88  96 104 112 120 128 136 144 152 160 168
 9 |  45  54  63  72  81  90  99 108 117 126 135 144 153 162 171 180 189
10 |  50  60  70  80  90 100 110 120 130 140 150 160 170 180 190 200 210
11 |  55  66  77  88  99 110 121 132 143 154 165 176 187 198 209 220 231
12 |  60  72  84  96 108 120 132 144 156 168 180 192 204 216 228 240 252
13 |  65  78  91 104 117 130 143 156 169 182 195 208 221 234 247 260 273
14 |  70  84  98 112 126 140 154 168 182 196 210 224 238 252 266 280 294
15 |  75  90 105 120 135 150 165 180 195 210 225 240 255 270 285 300 315
16 |  80  96 112 128 144 160 176 192 208 224 240 256 272 288 304 320 336
17 |  85 102 119 136 153 170 187 204 221 238 255 272 289 306 323 340 357
18 |  90 108 126 144 162 180 198 216 234 252 270 288 306 324 342 360 378
19 |  95 114 133 152 171 190 209 228 247 266 285 304 323 342 361 380 399
20 | 100 120 140 160 180 200 220 240 260 280 300 320 340 360 380 400 420
21 | 105 126 147 168 189 210 231 252 273 294 315 336 357 378 399 420 441

      2   3   4
----------------
 2 |   4   6   8
 3 |   6   9  12
 4 |   8  12  16

-------------------------------------------------------
t05
-------------------------------------------------------

-------------------------------------------------------
